bg:
  count: 51194732500
  max: 1.0
  mean: 0.21197298048064112
  min: 0.0
  std: 0.1832872246950865
ink:
  count: 7204350000
  max: 1.0
  mean: 0.2130055943131447
  min: 0.0
  std: 0.18590407781302928
mask:
  count: 58398962500
  max: 1.0
  mean: 0.21210011525079608
  min: 0.0
  std: 0.1836130627989769
raw:
  count: 0
  max: .nan
  mean: .nan
  min: .nan
  std: .nan
