bg:
  count: 52384670000
  max: 1.0
  mean: 0.19238760709762573
  min: 0.0
  std: 0.17632672891020776
ink:
  count: 11801235000
  max: 1.0
  mean: 0.19464799194596707
  min: 0.0
  std: 0.1828428265452385
mask:
  count: 64185905000
  max: 1.0
  mean: 0.1928032992966473
  min: 0.0
  std: 0.17754690028727055
raw:
  count: 0
  max: .nan
  mean: .nan
  min: .nan
  std: .nan
