bg:
  count: 169671680000
  max: 1.0
  mean: 0.20369526762515305
  min: 0.0
  std: 0.17836732387542725
ink:
  count: 36664595000
  max: 1.0
  mean: 0.20485440285876394
  min: 0.0
  std: 0.1808986598998308
mask:
  count: 206297625000
  max: 1.0
  mean: 0.20393421886488794
  min: 0.0
  std: 0.1788088697195053
raw:
  count: 0
  max: .nan
  mean: .nan
  min: .nan
  std: .nan
